1 11.408186 1.000000 1.000000
2 5.704480 1.999864 0.999932
3 3.809845 2.994396 0.998132
4 2.860830 3.987719 0.996930
5 2.284356 4.994049 0.998810
6 1.912295 5.965704 0.994284
7 1.638700 6.961730 0.994533
8 1.433619 7.957615 0.994702
9 1.273794 8.956069 0.995119
10 1.148242 9.935350 0.993535
11 1.045367 10.913092 0.992099
12 0.964762 11.824871 0.985406
13 0.886148 12.873903 0.990300
14 0.828844 13.763972 0.983141
15 0.772593 14.766100 0.984407
16 0.726799 15.696480 0.981030
17 0.680877 16.755136 0.985596
18 0.647819 17.610143 0.978341
19 0.617933 18.461849 0.971676
20 0.582060 19.599671 0.979984
21 0.559339 20.395834 0.971230
22 0.536413 21.267544 0.966707
23 0.516262 22.097666 0.960768
24 0.493444 23.119517 0.963313
25 0.472258 24.156689 0.966268
26 0.468866 24.331437 0.935824
27 0.445960 25.581185 0.947451
28 0.425533 26.809166 0.957470
29 0.416861 27.366895 0.943686
30 0.408380 27.935220 0.931174
31 0.396310 28.786027 0.928582
32 0.406913 28.035932 0.876123
