1 45.834621 1.000000 1.000000
2 22.974345 1.995035 0.997517
3 15.266729 3.002255 1.000752
4 11.480984 3.992221 0.998055
5 9.184756 4.990293 0.998059
6 7.644095 5.996082 0.999347
7 6.575282 6.970746 0.995821
8 5.752305 7.968044 0.996006
9 5.095554 8.995022 0.999447
10 4.599185 9.965814 0.996581
11 4.179509 10.966508 0.996955
12 3.840874 11.933383 0.994449
13 3.547521 12.920183 0.993860
14 3.296461 13.904191 0.993156
15 3.097213 14.798666 0.986578
16 2.886966 15.876398 0.992275
17 2.718852 16.858078 0.991652
18 2.559099 17.910453 0.995025
19 2.454498 18.673725 0.982828
20 2.310644 19.836298 0.991815
21 2.224696 20.602645 0.981078
22 2.119862 21.621513 0.982796
23 2.043643 22.427900 0.975126
24 1.954304 23.453169 0.977215
25 1.865173 24.573923 0.982957
26 1.830572 25.038413 0.963016
27 1.762308 26.008290 0.963270
28 1.722370 26.611369 0.950406
29 1.644069 27.878770 0.961337
30 1.626525 28.179472 0.939316
31 1.566785 29.253934 0.943675
32 1.516701 30.219945 0.944373
