1 102.920600 1.000000 1.000000
2 51.651304 1.992604 0.996302
3 34.396251 2.992204 0.997401
4 25.823167 3.985592 0.996398
5 20.665130 4.980399 0.996080
6 17.204635 5.982144 0.997024
7 14.757121 6.974301 0.996329
8 12.929375 7.960215 0.995027
9 11.487460 8.959387 0.995487
10 10.356074 9.938187 0.993819
11 9.418592 10.927387 0.993399
12 8.676275 11.862303 0.988525
13 8.057582 12.773137 0.982549
14 7.455584 13.804499 0.986036
15 7.103735 14.488238 0.965883
16 6.587176 15.624389 0.976524
17 6.253525 16.458014 0.968118
18 5.792873 17.766763 0.987042
19 5.820494 17.682451 0.930655
20 5.452957 18.874273 0.943714
21 4.995087 20.604366 0.981160
22 4.788921 21.491396 0.976882
23 4.599865 22.374699 0.972813
24 4.427608 23.245192 0.968550
25 4.201996 24.493264 0.979731
26 4.071462 25.278537 0.972251
27 3.931197 26.180474 0.969647
28 3.838267 26.814340 0.957655
29 3.718236 27.679954 0.954481
30 3.603523 28.561105 0.952037
31 3.518192 29.253834 0.943672
32 3.388638 30.372262 0.949133
