1 183.307366 1.000000 1.000000
2 91.514241 2.003047 1.001524
3 61.075837 3.001307 1.000436
4 45.838266 3.999003 0.999751
5 36.641665 5.002703 1.000541
6 30.624360 5.985672 0.997612
7 26.265015 6.979146 0.997021
8 23.032896 7.958503 0.994813
9 20.418233 8.977631 0.997515
10 18.380276 9.973048 0.997305
11 16.759796 10.937327 0.994302
12 15.342193 11.947925 0.995660
13 14.170098 12.936210 0.995093
14 13.226435 13.859167 0.989940
15 12.350684 14.841879 0.989459
16 11.597098 15.806313 0.987895
17 10.936778 16.760637 0.985920
18 10.321201 17.760275 0.986682
19 10.126431 18.101873 0.952730
20 11.358957 16.137693 0.806885
21 9.054271 20.245403 0.964067
22 13.239742 13.845237 0.629329
23 11.838379 15.484161 0.673224
24 12.520270 14.640848 0.610035
25 11.974043 15.308728 0.612349
26 11.758843 15.588895 0.599573
27 11.741413 15.612036 0.578224
28 11.462376 15.992091 0.571146
29 7.590484 24.149628 0.832746
30 13.203788 13.882938 0.462765
31 17.050031 10.751146 0.346811
32 20.556745 8.917140 0.278661
