4000*4000 Matrix
1 183.425 1.000000 1.000000
2 92.125 1.991 0.996
3 61.801 2.968 0.989
4 46.254 3.966 0.991
5 37.155 4.937 0.987
6 31.097 5.898 0.983
7 26.731 6.862 0.980
8 23.371 7.848 0.981
9 20.863 8.792 0.977
10 18.870 9.720 0.972
11 17.116 10.717 0.974
12 15.741 11.653 0.971
13 14.564 12.594 0.969
14 13.525 13.562 0.969
15 12.669 14.478 0.965
16 11.879 15.441 0.965
17 11.219 16.349 0.962
18 11.708 15.667 0.870
19 10.261 17.876 0.941
20 10.152 18.068 0.903
21 9.172 19.998 0.952
22 8.772 20.910 0.950
23 8.395 21.849 0.950
24 8.111 22.614 0.942
25 7.774 23.595 0.944
26 8.065 22.743 0.875
27 7.247 25.310 0.937
28 7.021 26.125 0.933
29 6.788 27.022 0.932
30 8.157 22.487 0.750
31 6.573 27.906 0.900
32 8.423 21.778 0.681

3000*3000 Matrix
1 103.283 1.000000 1.000000
2 51.823 1.993 0.996
3 34.654 2.980 0.993
4 26.063 3.963 0.991
5 20.063 4.935 0.987
6 17.500 5.902 0.984
7 15.058 6.859 0.980
8 13.193 7.829 0.979
9 11.756 8.786 0.976
10 10.599 9.745 0.974
11 9.631 10.724 0.975
12 8.847 11.674 0.973
13 8.196 12.602 0.969
14 7.627 13.542 0.967
15 7.148 14.449 0.963
16 6.691 15.436 0.965
17 6.379 16.191 0.952
18 6.017 17.165 0.954
19 5.697 18.129 0.954
20 5.464 18.902 0.945
21 5.238 19.718 0.939
22 4.966 20.798 0.945
23 4.741 21.785 0.947
24 4.552 22.690 0.945
25 4.386 23.548 0.942
26 4.272 24.177 0.930
27 4.140 24.948 0.924
28 3.960 26.082 0.931
29 3.841 26.890 0.927
30 3.718 27.779 0.926
31 3.648 28.312 0.913
32 3.560 29.012 0.907

2000*2000 Matrix
1 45.967 1.000000 1.000000
2 23.081 1.992 0.996
3 15.390 2.987 0.996
4 11.615 3.958 0.990
5 9.329 4.898 0.980
6 7.786 5.904 0.984
7 6.692 6.869 0.982
8 5.901 7.790 0.974
9 5.242 8.769 0.974
10 4.744 9.690 0.969
11 4.314 10.655 0.969
12 3.972 11.573 0.964
13 3.675 12.508 0.962
14 3.412 13.472 0.962
15 3.210 14.320 0.955
16 3.010 15.271 0.954
17 2.840 16.186 0.952
18 2.767 16.613 0.923
19 2.565 17.921 0.943
20 2.428 18.932 0.947
21 2.317 19.839 0.945
22 2.237 20.549 0.934
23 2.117 21.713 0.944
24 2.052 22.401 0.933
25 1.963 23.417 0.937
26 1.892 24.295 0.934
27 1.872 24.555 0.909
28 1.799 25.551 0.913
29 1.718 26.756 0.923
30 1.686 27.364 0.912
31 1.645 27.943 0.901
32 1.624 28.305 0.885

1000*1000 Matrix
1 11.418 1.000000 1.000000
2 5.750 1.986 0.993
3 3.916 2.916 0.972
4 2.903 3.933 0.983
5 2.358 4.842 0.968
6 1.957 5.833 0.972
7 1.698 6.724 0.961
8 1.545 7.390 0.924
9 1.335 8.553 0.950
10 1.203 9.491 0.949
11 1.086 10.514 0.956
12 1.031 11.075 0.923
13 0.937 12.186 0.937
14 0.991 11.522 0.823
15 0.825 13.840 0.923
16 0.798 14.308 0.894
17 0.733 15.577 0.916
18 0.710 16.082 0.893
19 0.651 17.539 0.923
20 0.634 18.009 0.900
21 0.591 19.320 0.920
22 0.575 19.857 0.903
23 0.544 20.989 0.913
24 0.523 21.832 0.910
25 0.532 21.462 0.860
26 0.497 22.974 0.884
27 0.472 24.191 0.896
28 0.469 24.345 0.869
29 0.441 25.891 0.893
30 0.446 25.601 0.853
31 0.438 26.068 0.841
32 0.422 27.057 0.846